name,CSTest,KSTest,BNLikelihood,BNLogLikelihood,GMLogLikelihood,LogisticDetection,SVCDetection,PRIV_METRIC_NumericalLR,PRIV_METRIC_NumericalMLP,PRIV_METRIC_NumericalSVR
FAST_ML-DP,0.9311091792151983,0.7568217054263566,3.2681060274512765e-05,-18.293709383096548,-29005.714237556957,0.0,0.0,0.07020706523424693,0.17661469670158578,0.07200625952555394
FAST_ML,0.965526705033006,0.7368992248062016,0.00023285546271352162,-18.02243438678117,-31266.997631373106,0.0,0.0,0.08341449381098046,0.17803092301193188,0.07329564946701331
Gaussian Copula-DP,0.903808819157033,0.8919896640826873,0.00019726711424005117,-17.89980694839201,-108.11840369009126,0.7400354460558825,0.058228887419718656,0.10050997473112819,0.1759548398579659,0.07353371504651178
Gaussian Copula,0.9157053625810766,0.8717571059431525,0.0014303868187018035,-16.67275600830102,-44.783514228933434,0.6681376965828776,0.0809340761011571,0.06742241256324322,0.17725920866926312,0.10845900849976407
CT-GAN-DP,0.4414697302785049,0.3336175710594315,0.0,-18.420680743952367,-60.96784147473656,0.0014029180695848131,0.0011223344556676729,0.06613233225728427,0.17745237723491541,0.0785933638139957
CT-GAN,0.8623365751895654,0.7732299741602068,0.000642336584280256,-17.360025563129938,-650.7757862636614,0.35782686480007664,0.09607024865240821,0.10059438302350161,0.17602782368218434,0.0781733969521983
Copula-GAN-DP,0.607849762177893,0.33108527131782944,5.527434429082136e-05,-18.288454251592594,-58.092144223916414,0.008978675645342271,0.0019640852974186496,0.10956986417794105,0.17772582410983287,0.07859726059840509
Copula-GAN,0.8447537171396199,0.6779328165374676,0.0005362229470197759,-17.501008915397275,-224.26014507167983,0.11740366939207048,0.033354115582781674,0.09078638743930482,0.17808874903998945,0.07268891332815208
TVAE-DP,0.6975029673862346,0.8049870801033592,0.004706102836645375,-15.818158257448552,-30.292911156390456,0.2982057526382299,0.16431413462620326,0.04988846373852179,0.1776938782105304,0.07512310112562069
TVAE,0.7495527377892278,0.8332558139534884,0.00495133824068646,-15.632915441539126,-28.43855399475564,0.19630950023106886,0.18350447306536788,0.05862734122497055,0.1791512813890527,0.07165722180001581
